Filename,Orig_filename
002,002_Duke_2
003,003_Skampa_2
004,004_Prague_2
005,005_AlbanBerg_2
006,006_Panocha_2
007,007_PavelHass_2
008,008_Emerson_2
009,009_Escher_2
010,010_Talich_2
011,011_Prazak_2
012,012_Modigliani_2
013,013_Janacek_2
014,014_Guarneri_2
015,015_Tokyo_2
016,016_Panocha_2
017,017_Endellion_2
019,019_Sevcik-Lhotsky_2
020,020_Amadeus_2
021,021_Concord_2
022,022_Griller_2
023,023_Moyzes_2
024,024_Vlach_2
025,025_Stamic_2
026,026_Amadeus_2
027,027_Albion_2
028,028_Alexander_2
029,029_Varese_2
030,030_CzechPhil_2
031,031_Sacconi_2
032,032_Lipkind_2
033,033_Cypress_2
034,034_Excelsior_2
035,035_Jupiter_2
037,037_Orlando_2
038,038_Takacs_2
039,039_Jerusalem_2
040,040_Keller_2
041,041_Matangi_2
042,042_Melos_2
043,043_Tang_2
044,044_Jade_2
046,046_Guarneri_2
047,047_Miro_2
048,048_Wihan_2
049,049_Serafin_2
050,050_Bartok_2
051,051_Hungarian_2
052,052_Masin_2
053,053_Hagen_2
054,054_Cavani_2
055,055_KumhoAsiana_2
056,056_Skampa_2
057,057_Stamic_2
058,058_Schidlof_2
059,059_Cleveland_2
060,060_NewYork_2
061,061_Smetana_2
062,062_Kallaci_2
063,063_Novus_2
064,064_Crondes_2
065,065_Lindsay_2
066,066_Kontras_2
068,068_Smetana_2
069,069_NewRussian_2
070,070_Australian_2
071,071_Koeckert_2
072,072_Orion_2
073,073_Montclaire_2
074,074_Vogler_2
075,075_FineArts_2
076,076_Panocha_2
077,077_Carmina_2
078,078_Borromeo_2
